A = [1, 2, 8; 2, 3, 4; 1, 2, 4]
B = [1; 2; 3]
D = A * B